0000000000001000000000000
0200000000001000000000020
0000000000001000000000000
0000000000000000000000000
0000000000000000000000000
0000000000000000000000000
0000000000000000000000000
0000000000000000000000000
0000000000100000000000000
1110000000100000000000111
0000000000010000000000000
0000000000001100000000000
0000000000000000000000000
0000000000000000000000000
0000000000000000000000000
0000000000000000000000000
0000000000000000000000000
0000000000001000000000000
0200000000001000000000020
0000000000001000000000000



