tree -702.317 437.887 -1955.87
tree -1854.88 435.695 -544.368
tree -1797 480.374 -1270.08
tree -1530.95 450.507 -1619.87
tree 1520.61 259.117 1508.43
tree 1698.07 259.193 1131.42
tree 1671.08 276.407 -1368.34
tree 1408.47 326.287 -1544.4
tree -1604.31 273.883 1412.03
tree 93.9588 276.054 864.995
barrel_1 -243.514 41.3322 -528.344
barrel_1 -315.285 48.9517 -464.29
barrel_1 -338.662 43.5279 -546.393
barrel_1 -191.352 49.928 -408.19
barrel_4 872.676 57.1552 318.157
barrel_4 883.14 59.4438 245.083
barrel_4 973.837 71.8409 310.473
barrel_4 -358.409 49.4757 679.5
barrel_4 -484.179 49.4475 587.136
barrel_1 -257.646 49.4395 754.705
barrel_1 -537.803 49.4685 527.027
woodbox_4 625.391 53.0583 -865.811
woodbox_4 530.913 56.4212 -911.135
woodbox_4 808.381 56.8251 754.84
woodbox_4 -1637.38 57.2382 972.375
woodbox_2 -1596.1 56.5898 843.599
woodbox_2 -1566.03 59.518 1017.42
woodbox_2 1526.62 123.775 -1011.53
woodbox_3 1426.08 113.036 -1076.7
woodbox_3 1559.36 124.173 -933.98
woodbox_3 -352.755 22.0323 -1147.64
woodbox_3 -946.238 227.169 -1648.2
woodbox_3 -945.393 316.292 -1650.39
woodbox_3 300.832 63.9205 1609.91
woodbox_3 384.702 63.9205 1606.99
pallet -1601.47 66.879 225.975
pallet -1554.26 61.7593 355.215
pallet 707.86 99.2887 -1696.73
pallet 1493.68 66.5309 313.467
container_2 126.649 218.253 -972.302
spawn -1197.67 230.762 -1478.58
spawn 1163.46 80.1564 1139.35
spawn 642.374 72.0052 -1118.66
spawn -1186.89 64.4831 1438.32
spawn -1440.85 66.0147 85.5861
spawn 1648.27 96.829 -1193.54
