woodbox_4 -379.923 -40.5917 303.358
woodbox_4 -452.447 -40.5917 303.358
woodbox_4 -379.923 -40.5917 426.013
woodbox_4 -379.923 -40.5917 426.013
woodbox_4 -452.447 -40.5917 426.013
woodbox_1 -435.906 35.2686 318.607
woodbox_1 -430.657 35.3249 428.05
barrel_4 -872.069 63.2213 911.676
barrel_4 -818.188 72.6275 972.636
barrel_4 -908.267 75.0386 995.154
barrel_4 -918.951 58.2857 763.347
barrel_4 854.04 65.5925 1361.95
barrel_4 872.318 70.6717 1314.28
barrel_4 -429.058 53.1678 -1176.65
barrel_1 976.664 50.4563 -392.771
barrel_1 934.242 57.0993 -452.104
barrel_1 893.261 48.3575 -339.185
barrel_1 -336.928 89.7732 -1182.81
barrel_1 -519.262 44.4514 -1164.7
pallet 19.8341 75.763 1208.12
pallet 136.642 62.6305 1155.27
pallet 18.7678 60.416 1053.92
pallet -102.774 67.0311 1141.13
pallet 1227.07 118.294 249.88
pallet 1180.33 110.445 382.873
pallet 1128.52 125.652 172.046
woodbox_3 215.67 121.565 -1198.3
woodbox_3 107.117 98.3905 -1276.12
woodbox_3 418.517 116.89 -1012.12
woodbox_3 650.44 83.4398 1445.9
woodbox_3 733.78 71.3525 1348.8
tree_2 1314.36 283.417 -883.041
tree_2 700.758 262.066 -1651.27
tree_2 -1455.06 288.198 1006.17
tree_2 -1109.04 270.23 1239.29
tree_2 1047.36 265.488 939.521
tree_2 -943.224 283.343 -1177.62
tree_2 -118.239 300.527 1584.98
desert_bush -539.371 23.3884 1190.37
desert_bush 358.875 22.5351 1186.2
desert_bush 1254.15 44.5309 593.459
desert_bush 971.906 28.256 483.282
desert_bush 767.325 -0.887031 172.928
desert_bush 331.388 -1.08172 455.75
desert_bush -66.7521 -4.82228 800.334
desert_bush -856.048 0.1333 498.21
desert_bush -925.167 20.9042 257.523
desert_bush -856.579 42.8495 -254.517
desert_bush -408.383 19.6088 -657.886
desert_bush 172.259 53.9903 -536.963
desert_bush 382.046 -0.355719 -220.025
desert_bush 753.533 11.6021 -35.7531
desert_bush 1103.51 33.0549 -253.645
desert_bush 1234.12 33.3898 -491.84
desert_bush 979.273 78.7167 -715.916
desert_bush 705.421 62.1775 -931.564
desert_bush 517.249 -51.1208 -1378.69
desert_bush -2.38719 -15.8513 -1531.45
desert_bush -541.095 -94.5123 -1515.91
desert_bush -1237 14.1607 -595.051
desert_bush -1387.72 3.03025 -256.412
desert_bush 701.053 10.1148 1621.24
desert_bush 1116.05 35.9376 1501.14
desert_bush 1476.28 162.207 1036.33
desert_bush 1623.32 230.169 632.867
desert_bush 1655.14 225.234 -9.84863
desert_bush 1512.5 146.596 -380.779
desert_bush 1596.62 80.0869 -768.995
desert_bush 1212.74 -188.171 -1282.84
desert_bush 810.083 -66.0701 -1412.72
desert_bush 442.948 -59.627 -1413.87
desert_bush -221.752 -63.7216 -1719.02
desert_bush -1531.82 23.7179 574.09
desert_bush -1310.2 67.4781 952.661
desert_bush -990.26 36.1388 1182.86
desert_bush -687.48 41.2958 1333.62
desert_bush -567.164 42.8859 1679.79
spawn -1187.41 96.9009 322.027
spawn 463.438 71.5437 1604.54
spawn 1271.21 124.358 -171.126
spawn -212.003 50.2796 -1331.6
spawn -15.3261 101.545 -26.2948
spawn -914.799 176.959 -771.955
