tree 639.065 279.296 1208.04
tree -168.198 282.89 1681.16
tree -1634.79 280.234 1585.86
tree -1800.43 298.458 695.532
tree -1421.71 282.846 -1549.87
tree -750.071 288.187 -1833.77
tree 1219.63 279.784 622.693
tree 1535.46 296.194 -187.744
tree 1368.53 393.217 -1494.4
tree 1014.19 353.074 -1725.46
tree 1833.33 397.626 -1431.75
tree -1603.07 301.008 1154.17
tree -990.744 302.31 1614.28
barrel_1 830.445 42.2117 -727.578
barrel_1 770.975 41.8939 -791.705
barrel_1 849.779 46.3621 -839.561
container_2 1290.66 157.191 -729.944
woodbox_4 -1458.91 36.1008 -880.508
woodbox_4 -1465.97 37.6309 -775.303
woodbox_4 -1461.21 104.305 -796.211
woodbox_2 -1373.41 40.3907 -951.526
woodbox_3 -1377.39 132.733 -830.356
woodbox_3 -1379.33 46.3274 -834.282
container_1 35.0758 109.036 -1493.17
barrel_4 -996.714 50.7472 982.733
barrel_4 -948.52 46.9363 1082.72
barrel_4 -886.946 46.7808 1007.57
pallet 834.816 45.6402 823.83
pallet 834.816 59.4322 823.83
pallet 853.06 32.6019 778.791
pallet 853.06 20.6732 778.791
pallet 880.824 59.4322 831.702
pallet 880.824 45.6402 831.702
pallet 880.824 32.6019 831.702
pallet 880.824 20.6732 831.702
pallet -440.395 32.6019 -1324.73
pallet -412.631 20.6732 -1271.82
pallet -440.395 59.4322 -1324.73
pallet -412.631 45.6402 -1271.82
pallet -440.395 74.1558 -1324.73
pallet -458.639 45.6402 -1279.69
pallet -458.639 59.4322 -1279.69
forest_bush -5524.96 -16516.2 25961.3
forest_bush -1006.11 11.2629 -995.585
forest_bush -827.889 4.13493 -1167.19
forest_bush -596.645 7.97077 -1335.67
forest_bush -392.216 19.4382 -1528.29
forest_bush -1237.51 19.4382 -1129.31
forest_bush -1198.5 13.712 -954.738
forest_bush -583.849 2.2145 -1093.02
forest_bush -54.2404 7.97077 -1172.95
forest_bush 385.622 17.5311 -1441.01
forest_bush 846.768 11.7999 -1199.02
forest_bush 806.123 11.7999 -900.961
forest_bush 515.059 9.88618 -1138.55
forest_bush 1042.76 13.712 -819.314
forest_bush 1077.09 11.7999 -284.514
forest_bush 1185.47 11.7999 47.4189
forest_bush 1038.25 4.13493 434.302
forest_bush 1267.32 9.88618 406.626
forest_bush 1318.66 19.4382 67.6234
forest_bush 713.15 0.292395 -305.636
forest_bush 950.867 0.292395 142.63
forest_bush 848.988 0.292395 611.271
forest_bush 461.648 2.2145 1235.59
forest_bush 230.22 13.712 1530.29
forest_bush -284.266 15.6224 1549.93
forest_bush -842.727 32.7414 1557.36
forest_bush -1393.65 17.5311 1454.54
forest_bush -1569.55 17.5311 764.478
forest_bush -1493.83 21.3436 87.8722
forest_bush -1255.75 -20.9622 -225.216
forest_bush -1302.91 4.13493 305.369
forest_bush -921.337 -20.9622 784.842
forest_bush -317.554 23.2474 986.444
forest_bush 13.4661 38.4181 1151.35
forest_bush -1335.3 -13.2096 -109.004
forest_bush -1323.26 4.13493 -400.372
forest_bush -1726.65 13.712 -609.407
forest_bush -1762.39 59.1069 -951.558
forest_bush -1331.41 44.0801 -1237.27
forest_bush -501.943 6.05369 -1763.58
forest_bush 207.109 72.1707 -1843.94
forest_bush 432.217 92.5413 -1782.07
forest_bush 781.671 72.1707 -1603.43
forest_bush -1521.4 11.3022 415.487
spawn 1.28045 127.629 1083.55
spawn -588.266 86.3191 -1256.25
spawn -1587.88 87.3389 239.97
spawn 1066.48 82.151 49.7238
spawn -164.61 -90.466 -64.5705
spawn 679.1 101.885 -1465.78
